Fri Feb  7 21:12:20 2020
Generation 30 of 30
Mutations: 42 (prob 0.1)
Top fit values / individuals:
35 [0.9946880510412656, 0.0142349288726894, 0.08002718630747185, 0.09367532368847631, 0.051144214847717806]
31 [0.9946880510412656, 0.029220693875186443, 0.08002718630747185, 0.09519259074648034, 0.2643083577189722]
31 [0.9946880510412656, 0.0142349288726894, 0.08002718630747185, 0.09367532368847631, 0.051144214847717806]
31 [0.9946880510412656, 0.0142349288726894, 0.08002718630747185, 0.09367532368847631, 0.051144214847717806]
30 [0.9946880510412656, 0.0142349288726894, 0.08002718630747185, 0.09367532368847631, 0.2643083577189722]
30 [0.9946880510412656, 0.0142349288726894, 0.08002718630747185, 0.09367532368847631, 0.051144214847717806]
29 [0.9946880510412656, 0.0142349288726894, 0.16584584050195772, 0.09367532368847631, 0.051144214847717806]
28 [0.9946880510412656, 0.029220693875186443, 0.16584584050195772, 0.09519259074648034, 0.051144214847717806]
28 [0.9946880510412656, 0.029220693875186443, 0.08002718630747185, 0.09519259074648034, 0.2643083577189722]
28 [0.9946880510412656, 0.0142349288726894, 0.08002718630747185, 0.09367532368847631, 0.051144214847717806]
28 [0.9946880510412656, 0.0142349288726894, 0.08002718630747185, 0.09367532368847631, 0.051144214847717806]
28 [0.9946880510412656, 0.0142349288726894, 0.08002718630747185, 0.09367532368847631, 0.051144214847717806]
28 [0.9946880510412656, 0.0142349288726894, 0.08002718630747185, 0.09367532368847631, 0.051144214847717806]
28 [0.9946880510412656, 0.0142349288726894, 0.059780229681049346, 0.09367532368847631, 0.2643083577189722]
27 [0.9946880510412656, 0.029220693875186443, 0.08002718630747185, 0.09367532368847631, 0.051144214847717806]
27 [0.9946880510412656, 0.0142349288726894, 0.16584584050195772, 0.09367532368847631, 0.051144214847717806]
Max possible fit value: 50
All-time record: 35
Record holder: [0.9946880510412656, 0.0142349288726894, 0.08002718630747185, 0.09367532368847631, 0.051144214847717806]

