Sun Feb  6 19:46:23 2022
Generation 30 of 30
Mutations: 48 (prob 0.1)
Top fit values / individuals:
349 [0.9543835165930256, 0.14426817184508778, 0.21546881760407965, 0.02730274577937364, 0.07500520467563832]
339 [0.9265512291096116, 0.14426817184508778, 0.21546881760407965, 0.02730274577937364, 0.07500520467563832]
336 [0.9265512291096116, 0.14426817184508778, 0.21546881760407965, 0.017821166247602216, 0.07500520467563832]
335 [0.9543835165930256, 0.14426817184508778, 0.21546881760407965, 0.02730274577937364, 0.07500520467563832]
334 [0.9265512291096116, 0.14426817184508778, 0.21546881760407965, 0.017821166247602216, 0.07500520467563832]
334 [0.9265512291096116, 0.14426817184508778, 0.15001039813177364, 0.02730274577937364, 0.07500520467563832]
333 [0.9543835165930256, 0.14426817184508778, 0.21546881760407965, 0.02730274577937364, 0.07500520467563832]
331 [0.9543835165930256, 0.14426817184508778, 0.21546881760407965, 0.017821166247602216, 0.07500520467563832]
331 [0.9265512291096116, 0.14426817184508778, 0.300289180607353, 0.02730274577937364, 0.07500520467563832]
329 [0.9543835165930256, 0.14426817184508778, 0.21546881760407965, 0.02730274577937364, 0.07500520467563832]
329 [0.9265512291096116, 0.14426817184508778, 0.21546881760407965, 0.017821166247602216, 0.07500520467563832]
328 [0.9265512291096116, 0.14426817184508778, 0.21546881760407965, 0.02730274577937364, 0.07500520467563832]
326 [0.9265512291096116, 0.14426817184508778, 0.21546881760407965, 0.02730274577937364, 0.07500520467563832]
325 [0.9265512291096116, 0.14426817184508778, 0.21546881760407965, 0.02730274577937364, 0.07500520467563832]
324 [0.9265512291096116, 0.14426817184508778, 0.21546881760407965, 0.017821166247602216, 0.07500520467563832]
324 [0.9265512291096116, 0.14426817184508778, 0.21546881760407965, 0.017821166247602216, 0.07500520467563832]
Max possible fit value: 640
All-time record: 484
Record holder: [0.9265512291096116, 0.1390143232558788, 0.300289180607353, 0.19937525325991945, 0.6037660409072123]

