Fri Feb  7 03:11:02 2020
Generation 10 of 15
Mutations: 12 (prob 0.1)
Top fit values / individuals:
207 [0.9161029562255001, 0.7537320526699076, 0.38797410032443647, 0.3823331269990258, 0.6606043494749807]
207 [0.6607307250162481, 0.07441247175343257, 0.3382803170961115, 0.9821706845086057, 0.6606043494749807]
206 [0.327857039122913, 0.07441247175343257, 0.3382803170961115, 0.9877686238890347, 0.6606043494749807]
205 [0.327857039122913, 0.7537320526699076, 0.38797410032443647, 0.38797410032443647, 0.6606043494749807]
203 [0.9161029562255001, 0.07441247175343257, 0.3382803170961115, 0.11473226335597786, 0.6606043494749807]
202 [0.9161029562255001, 0.07441247175343257, 0.3382803170961115, 0.3823331269990258, 0.6606043494749807]
200 [0.327857039122913, 0.7460175095590559, 0.38797410032443647, 0.11473226335597786, 0.6606043494749807]
200 [0.327857039122913, 0.07441247175343257, 0.3382803170961115, 0.3823331269990258, 0.6606043494749807]
199 [0.9161029562255001, 0.7537320526699076, 0.38797410032443647, 0.9663384574106856, 0.6606043494749807]
199 [0.9161029562255001, 0.07441247175343257, 0.3382803170961115, 0.9877686238890347, 0.6606043494749807]
Max possible fit value: 200
All-time record: 223
Record holder: [0.327857039122913, 0.7537320526699076, 0.38797410032443647, 0.9663384574106856, 0.6606043494749807]

